7,8,9,18,19,20,
7,9,18,20,
6,7,9,11,12,13,14,15,16,18,20,21,
5,7,9,10,17,18,20,22,
5,8,19,22,
4,7,20,23,
4,7,20,23,
3,6,9,12,18,21,24,
3,6,8,12,15,19,21,24,
2,6,8,11,13,15,16,19,21,25,
2,6,8,10,13,15,17,19,21,25,
1,5,7,9,11,14,16,18,20,22,26,
1,5,7,9,11,16,18,20,22,26,
1,5,7,9,13,14,18,20,22,26,
0,5,8,10,17,19,22,27,
0,5,9,11,12,13,14,15,16,18,22,27,
0,5,10,11,12,13,14,15,16,17,22,27,
0,5,10,13,14,17,22,27,
0,6,9,11,16,18,21,27,
1,6,10,11,12,13,14,15,16,17,21,26,
2,7,11,13,14,16,20,25,
3,4,5,6,11,13,14,16,21,22,23,24,
12,15,